26
0 0
0 2310
2100 2310
2100 1680
2310 1680
2310 1155
2100 1155
2100 840
2100 840
2091.6 758.1
2068.5 680.4
2028.6 606.9
1976.1 543.9
1913.1 491.4
1841.7 451.5
1761.9 428.4
1680 420
1598.1 428.4
1520.4 451.5
1446.9 491.4
1383.9 541.8
1331.4 606.9
1291.5 678.3
1268.4 758.1
1260 840
1260 0
26
420 630
420 1890
1050 1890
1050 1470
1260 1470
1260 1890
1680 1890
1680 840
1680 840
1671.6 921.9
1648.5 999.6
1608.6 1073.1
1556.1 1136.1
1493.1 1188.6
1421.7 1228.5
1341.9 1251.6
1260 1260
1178.1 1251.6
1100.4 1228.5
1026.9 1188.6
963.9 1138.2
911.4 1073.1
871.5 1001.7
848.4 921.9
840 840
840 630
2
1050 1890
1050 1470
1260 1470
1260 1890
2100 1680
2310 1680
2310 1155
2100 1155
0 630
420 630
840 630
1260 630
